2180
7977
9507
9941
6768
6619
9419
8681
6839
7203
2154
4814
6880
9211
7269
1160
7465
4734
8978
3428
9781
6427
7649
2529
9375
4036
9539
2182
6252
4850
7597
7901
8376
1327
2801
5503
2216
9029
2338
5001
2354
4955
8263
8879
3347
5494
6611
3484
7521
8388
4439
6162
4161
3238
5897
1564
9986
4781
7991
8834
8340
9256
1036
3076
7176
3164
1768
8555
7320
3200
5064
1815
6312
8154
7155
9690
1529
3865
6810
8399
1467
7608
2993
2958
8428
6058
3226
6462
9978
3982
2883
2124
9295
1641
8655
9116
7311
4952
1831
7005
